place(194.40081620006822, "Shotgunner", Vector3.new(-367.0984802246094,123.75299835205078,-93.73922729492188), 0, 325)
upgrade(1, 1, 1, 200)
upgrade(1, 2, 1, 100)
upgrade(1, 1, 1, 325)
upgrade(1, 2, 1, 375)
place(226.00017980008852, "Shotgunner", Vector3.new(-363.9513854980469,123.75299835205078,-93.74040222167969), 0, 325)
upgrade(2, 2, 1, 100)
upgrade(2, 1, 1, 200)
upgrade(2, 1, 1, 325)
upgrade(2, 2, 1, 375)
place(252.89960450003855, "John", Vector3.new(-358.527587890625,123.75299835205078,-105.19712829589844), 0, 300)
upgrade(3, 2, 1, 100)
upgrade(3, 2, 1, 225)
upgrade(3, 1, 1, 125)
upgrade(3, 1, 1, 450)
upgrade(3, 1, 1, 1400)
upgrade(3, 1, 1, 3250)
upgrade(1, 1, 1, 1950)
place(350.0101961999899, "Barracks", Vector3.new(-397.2332763671875,123.75299072265625,-101.6761703491211), 0, 325)
upgrade(4, 2, 1, 125)
upgrade(4, 2, 1, 250)
upgrade(4, 1, 1, 300)
place(390.2155592000345, "Barracks", Vector3.new(-402.1429138183594,123.75299072265625,-109.57926940917969), 0, 325)
upgrade(5, 1, 1, 300)

upgrade(5, 2, 1, 125)
upgrade(5, 2, 1, 250)
upgrade(1, 1, 1, 2400)
upgrade(1, 1, 1, 10000)
place(528.6973495000275, "Ghost", Vector3.new(-368.8929748535156,127.00299835205078,-104.11638641357422), 0, 750)
upgrade(6, 2, 1, 425)
upgrade(6, 1, 1, 350)
upgrade(6, 2, 1, 925)
upgrade(6, 1, 1, 1000)
upgrade(6, 1, 1, 3750)
place(556.0665509999963, "Barracks", Vector3.new(-402.91485595703125,123.75299835205078,-116.35608673095703), 0, 325)
place(557.7681076000445, "Barracks", Vector3.new(-399.7933654785156,123.75299835205078,-121.79994201660156), 0, 325)
place(563.2029849999817, "Barracks", Vector3.new(-394.10797119140625,123.75299835205078,-205.41952514648438), 0, 325)
place(564.1690441999817, "Barracks", Vector3.new(-393.0949401855469,123.75299835205078,-211.4332275390625), 0, 325)
place(565.6654877000256, "Barracks", Vector3.new(-392.7713623046875,123.75299072265625,-219.13467407226562), 0, 325)
upgrade(4, 1, 1, 700)
upgrade(4, 1, 1, 1600)
upgrade(4, 1, 1, 3800)
upgrade(6, 1, 1, 12500)
upgrade(4, 1, 1, 30000)
upgrade(5, 1, 1, 700)
upgrade(5, 1, 1, 1600)
upgrade(5, 1, 1, 3800)
upgrade(5, 1, 1, 30000)
upgrade(7, 2, 1, 125)
upgrade(7, 2, 1, 250)
upgrade(7, 1, 1, 300)
upgrade(7, 1, 1, 700)
upgrade(7, 1, 1, 1600)
upgrade(7, 1, 1, 3800)
upgrade(7, 1, 1, 30000)
upgrade(8, 2, 1, 125)
upgrade(8, 2, 1, 250)
upgrade(8, 1, 1, 300)
upgrade(8, 1, 1, 700)
upgrade(8, 1, 1, 1600)
upgrade(8, 1, 1, 3800)
upgrade(8, 1, 1, 30000)
upgrade(9, 2, 1, 125)
upgrade(9, 2, 1, 250)
upgrade(9, 1, 1, 300)
upgrade(9, 1, 1, 700)
upgrade(9, 1, 1, 1600)
upgrade(9, 1, 1, 3800)
upgrade(9, 1, 1, 30000)
upgrade(10, 2, 1, 125)
upgrade(10, 2, 1, 250)
upgrade(10, 1, 1, 300)
upgrade(10, 1, 1, 700)
upgrade(10, 1, 1, 1600)
upgrade(10, 1, 1, 3800)
upgrade(10, 1, 1, 30000)
upgrade(11, 2, 1, 125)
upgrade(11, 2, 1, 250)
upgrade(11, 1, 1, 300)
upgrade(11, 1, 1, 700)
upgrade(11, 1, 1, 1600)
upgrade(11, 1, 1, 3800)
upgrade(11, 1, 1, 30000)
upgrade(6, 1, 1, 28000)
place(987.7768622000003, "Ghost", Vector3.new(-372.0510559082031,127.00299835205078,-104.08010864257812), 0, 750)
upgrade(2, 2, 1, 1150)
upgrade(2, 2, 1, 3000)
upgrade(2, 1, 1, 1950)
upgrade(2, 1, 1, 2400)
upgrade(2, 1, 1, 10000)
place(1008.9123407000443, "Ghost", Vector3.new(-359.4986267089844,123.75299835205078,-105.33179473876953), 0, 750)
upgrade(3, 2, 1, 2000)
upgrade(3, 2, 1, 5350)
place(1014.5021619000472, "Ghost", Vector3.new(-367.03826904296875,123.75299835205078,-116.01812744140625), 0, 750)
upgrade(3, 2, 1, 19000)
upgrade(3, 1, 1, 52500)
place(1023.4351164000109, "Ghost", Vector3.new(-358.8406982421875,123.75299835205078,-104.5270004272461), 0, 750)
place(1032.8718605000759, "Ghost", Vector3.new(-386.5828552246094,127.00299835205078,-115.5772705078125), 0, 750)
upgrade(1, 2, 2, 1150)
place(1037.2088141000131, "Ghost", Vector3.new(-390.8790283203125,127.00299835205078,-118.32554626464844), 0, 750)
upgrade(12, 1, 5, 350)
upgrade(12, 2, 2, 425)
place(1044.3376861000434, "Ghost", Vector3.new(-379.78717041015625,123.75299835205078,-131.5313720703125), 0, 750)
upgrade(13, 1, 4, 350)
place(1050.5449259000598, "Ghost", Vector3.new(-385.37921142578125,129.35299682617188,-167.5439453125), 0, 750)
upgrade(13, 2, 1, 425)
upgrade(13, 2, 1, 925)
upgrade(13, 1, 1, 1000)
upgrade(13, 1, 1, 3750)
upgrade(13, 1, 1, 12500)
upgrade(13, 1, 1, 28000)
